<?xml version="1.0" encoding="utf-8"?>
<COLLADA xmlns="http://www.collada.org/2005/11/COLLADASchema" version="1.4.1">
  <asset><contributor><author>Mixamo</author><authoring_tool>COLLADA Mixamo exporter</authoring_tool><comments></comments></contributor><created>2017-03-18T04:42:40Z</created><modified>2017-03-18T04:42:40Z</modified><revision></revision><title></title><unit meter="0.010000"/><up_axis>Y_UP</up_axis></asset>
  <library_animations>
    <animation id="mixamorig_Hips-anim" name="mixamorig_Hips"><source id="mixamorig_Hips-Matrix-animation-input"><float_array id="mixamorig_Hips-Matrix-animation-input-array" count="299">

0.000000 0.033333 0.066667 0.100000 0.133333 0.166667 0.200000 0.233333 0.266667 0.300000 0.333333 0.366667 0.400000 0.433333 0.466667 0.500000
0.533333 0.566667 0.600000 0.633333 0.666667 0.700000 0.733333 0.766667 0.800000 0.833333 0.866667 0.900000 0.933333 0.966667 1.000000 1.033333
1.066667 1.100000 1.133333 1.166667 1.200000 1.233333 1.266667 1.300000 1.333333 1.366667 1.400000 1.433333 1.466667 1.500000 1.533333 1.566667
1.600000 1.633333 1.666667 1.700000 1.733333 1.766667 1.800000 1.833333 1.866667 1.900000 1.933333 1.966667 2.000000 2.033333 2.066667 2.100000
2.133333 2.166667 2.200000 2.233333 2.266667 2.300000 2.333333 2.366667 2.400000 2.433333 2.466667 2.500000 2.533333 2.566667 2.600000 2.633333
2.666667 2.700000 2.733333 2.766667 2.800000 2.833333 2.866667 2.900000 2.933333 2.966667 3.000000 3.033333 3.066667 3.100000 3.133333 3.166667
3.200000 3.233333 3.266667 3.300000 3.333333 3.366667 3.400000 3.433333 3.466667 3.500000 3.533333 3.566667 3.600000 3.633333 3.666667 3.700000
3.733333 3.766667 3.800000 3.833333 3.866667 3.900000 3.933333 3.966667 4.000000 4.033333 4.066667 4.100000 4.133333 4.166667 4.200000 4.233333
4.266667 4.300000 4.333333 4.366667 4.400000 4.433333 4.466667 4.500000 4.533333 4.566667 4.600000 4.633333 4.666667 4.700000 4.733333 4.766667
4.800000 4.833333 4.866667 4.900000 4.933333 4.966667 5.000000 5.033333 5.066667 5.100000 5.133333 5.166667 5.200000 5.233333 5.266667 5.300000
5.333333 5.366667 5.400000 5.433333 5.466667 5.500000 5.533333 5.566667 5.600000 5.633333 5.666667 5.700000 5.733333 5.766667 5.800000 5.833333
5.866667 5.900000 5.933333 5.966667 6.000000 6.033333 6.066667 6.100000 6.133333 6.166667 6.200000 6.233333 6.266667 6.300000 6.333333 6.366667
6.400000 6.433333 6.466667 6.500000 6.533333 6.566667 6.600000 6.633333 6.666667 6.700000 6.733333 6.766667 6.800000 6.833333 6.866667 6.900000
6.933333 6.966667 7.000000 7.033333 7.066667 7.100000 7.133333 7.166667 7.200000 7.233333 7.266667 7.300000 7.333333 7.366667 7.400000 7.433333
7.466667 7.500000 7.533333 7.566667 7.600000 7.633333 7.666667 7.700000 7.733333 7.766667 7.800000 7.833333 7.866667 7.900000 7.933333 7.966667
8.000000 8.033333 8.066667 8.100000 8.133333 8.166667 8.200000 8.233333 8.266667 8.300000 8.333333 8.366667 8.400000 8.433333 8.466667 8.500000
8.533333 8.566667 8.600000 8.633333 8.666667 8.700000 8.733333 8.766667 8.800000 8.833333 8.866667 8.900000 8.933333 8.966667 9.000000 9.033333
9.066667 9.100000 9.133333 9.166667 9.200000 9.233333 9.266667 9.300000 9.333333 9.366667 9.400000 9.433333 9.466667 9.500000 9.533333 9.566667
9.600000 9.633333 9.666667 9.700000 9.733333 9.766667 9.800000 9.833333 9.866667 9.900000 9.933333</float_array><technique_common><accessor source="#mixamorig_Hips-Matrix-animation-input-array" count="299"><param name="TIME" type="float"/></accessor></technique_common></source><source id="mixamorig_Hips-Matrix-animation-output-transform"><float_array id="mixamorig_Hips-Matrix-animation-output-transform-array" count="4784">

0.999811 0.019366 -0.001836 0.063498 -0.019310 0.999461 0.026546 97.412483 0.002349 -0.026506 0.999646 0.304704 0.000000 0.000000 0.000000 1.000000
0.999775 0.021092 -0.002104 0.241221 -0.021028 0.999416 0.026946 97.374680 0.002671 -0.026896 0.999635 0.268778 0.000000 0.000000 0.000000 1.000000
0.999741 0.022667 -0.002180 0.413032 -0.022599 0.999369 0.027410 97.344933 0.002800 -0.027354 0.999622 0.256208 0.000000 0.000000 0.000000 1.000000
0.999717 0.023720 -0.001766 0.565162 -0.023660 0.999323 0.028189 97.338646 0.002433 -0.028139 0.999601 0.307714 0.000000 0.000000 0.000000 1.000000
0.999697 0.024584 -0.001230 0.704940 -0.024538 0.999274 0.029145 97.324875 0.001945 -0.029106 0.999574 0.359768 0.000000 0.000000 0.000000 1.000000
0.999675 0.025485 -0.000542 0.833909 -0.025457 0.999221 0.030164 97.292793 0.001311 -0.030140 0.999545 0.409949 0.000000 0.000000 0.000000 1.000000
0.999647 0.026584 0.000263 0.952716 -0.026580 0.999161 0.031150 97.238388 0.000565 -0.031146 0.999515 0.456356 0.000000 0.000000 0.000000 1.000000
0.999610 0.027890 0.001100 1.060874 -0.027911 0.999096 0.032068 97.164680 -0.000205 -0.032086 0.999485 0.498454 0.000000 0.000000 0.000000 1.000000
0.999570 0.029266 0.001877 1.157115 -0.029312 0.999028 0.032923 97.077980 -0.000912 -0.032964 0.999456 0.536856 0.000000 0.000000 0.000000 1.000000
0.999531 0.030526 0.002550 1.239905 -0.030595 0.998963 0.033717 96.984306 -0.001519 -0.033780 0.999428 0.572434 0.000000 0.000000 0.000000 1.000000
0.999498 0.031530 0.003122 1.307739 -0.031619 0.998907 0.034427 96.887939 -0.002034 -0.034508 0.999402 0.605708 0.000000 0.000000 0.000000 1.000000
0.999474 0.032238 0.003604 1.359458 -0.032345 0.998863 0.035020 96.791016 -0.002471 -0.035118 0.999380 0.636691 0.000000 0.000000 0.000000 1.000000
0.999457 0.032704 0.003977 1.394916 -0.032825 0.998831 0.035484 96.694244 -0.002812 -0.035595 0.999362 0.664964 0.000000 0.000000 0.000000 1.000000
0.999446 0.033030 0.004185 1.415890 -0.033159 0.998808 0.035827 96.597549 -0.002996 -0.035946 0.999349 0.689804 0.000000 0.000000 0.000000 1.000000
0.999436 0.033312 0.004159 1.425852 -0.033441 0.998790 0.036070 96.501083 -0.002952 -0.036188 0.999341 0.710273 0.000000 0.000000 0.000000 1.000000
0.999428 0.033609 0.003858 1.428241 -0.033727 0.998774 0.036232 96.406128 -0.002635 -0.036341 0.999336 0.725329 0.000000 0.000000 0.000000 1.000000
0.999419 0.033934 0.003301 1.424864 -0.034031 0.998760 0.036345 96.315872 -0.002063 -0.036436 0.999334 0.734096 0.000000 0.000000 0.000000 1.000000
0.999409 0.034285 0.002578 1.415919 -0.034356 0.998744 0.036464 96.234642 -0.001325 -0.036531 0.999332 0.736391 0.000000 0.000000 0.000000 1.000000
0.999397 0.034677 0.001822 1.401189 -0.034721 0.998724 0.036676 96.166031 -0.000548 -0.036717 0.999326 0.733293 0.000000 0.000000 0.000000 1.000000
0.999382 0.035135 0.001148 1.380773 -0.035153 0.998694 0.037069 96.111198 0.000156 -0.037087 0.999312 0.727347 0.000000 0.000000 0.000000 1.000000
0.999363 0.035681 0.000611 1.355049 -0.035679 0.998652 0.037702 96.068489 0.000735 -0.037700 0.999289 0.722023 0.000000 0.000000 0.000000 1.000000
0.999341 0.036310 0.000204 1.324178 -0.036291 0.998596 0.038583 96.034111 0.001197 -0.038565 0.999255 0.720514 0.000000 0.000000 0.000000 1.000000
0.999316 0.036974 -0.000111 1.287923 -0.036941 0.998530 0.039667 96.002426 0.001577 -0.039635 0.999213 0.724351 0.000000 0.000000 0.000000 1.000000
0.999293 0.037596 -0.000375 1.245815 -0.037549 0.998459 0.040867 95.966965 0.001911 -0.040824 0.999165 0.732691 0.000000 0.000000 0.000000 1.000000
0.999275 0.038076 -0.000637 1.197256 -0.038016 0.998391 0.042076 95.924004 0.002238 -0.042021 0.999114 0.742958 0.000000 0.000000 0.000000 1.000000
0.999265 0.038333 -0.000937 1.141819 -0.038256 0.998333 0.043213 95.875305 0.002592 -0.043145 0.999065 0.752595 0.000000 0.000000 0.000000 1.000000
0.999264 0.038346 -0.001289 1.079448 -0.038251 0.998287 0.044273 95.827728 0.002985 -0.044191 0.999019 0.760586 0.000000 0.000000 0.000000 1.000000
0.999270 0.038165 -0.001673 1.010560 -0.038050 0.998247 0.045326 95.788857 0.003400 -0.045229 0.998971 0.767593 0.000000 0.000000 0.000000 1.000000
0.999280 0.037890 -0.002039 0.935929 -0.037754 0.998207 0.046449 95.762268 0.003796 -0.046339 0.998919 0.774765 0.000000 0.000000 0.000000 1.000000
0.999289 0.037628 -0.002339 0.856339 -0.037474 0.998161 0.047655 95.745529 0.004127 -0.047533 0.998861 0.782492 0.000000 0.000000 0.000000 1.000000
0.999295 0.037457 -0.002536 0.772392 -0.037288 0.998109 0.048870 95.731613 0.004362 -0.048741 0.998802 0.789936 0.000000 0.000000 0.000000 1.000000
0.999297 0.037407 -0.002630 0.684396 -0.037229 0.998055 0.049995 95.713089 0.004495 -0.049862 0.998746 0.795490 0.000000 0.000000 0.000000 1.000000
0.999295 0.037447 -0.002656 0.592210 -0.037263 0.998004 0.050984 95.686897 0.004560 -0.050849 0.998696 0.797608 0.000000 0.000000 0.000000 1.000000
0.999293 0.037489 -0.002664 0.495350 -0.037301 0.997957 0.051876 95.655518 0.004603 -0.051740 0.998650 0.795316 0.000000 0.000000 0.000000 1.000000
0.999295 0.037434 -0.002696 0.393272 -0.037239 0.997913 0.052744 95.624527 0.004665 -0.052607 0.998604 0.788248 0.000000 0.000000 0.000000 1.000000
0.999303 0.037218 -0.002763 0.285612 -0.037017 0.997874 0.053634 95.598381 0.004753 -0.053495 0.998557 0.776529 0.000000 0.000000 0.000000 1.000000
0.999317 0.036851 -0.002842 0.172578 -0.036642 0.997840 0.054524 95.578011 0.004846 -0.054383 0.998508 0.760682 0.000000 0.000000 0.000000 1.000000
0.999333 0.036392 -0.002897 0.054702 -0.036177 0.997813 0.055323 95.562035 0.004904 -0.055182 0.998464 0.741634 0.000000 0.000000 0.000000 1.000000
0.999352 0.035888 -0.002905 -0.067647 -0.035670 0.997799 0.055906 95.549225 0.004904 -0.055766 0.998432 0.720505 0.000000 0.000000 0.000000 1.000000
0.999371 0.035345 -0.002879 -0.194294 -0.035128 0.997804 0.056161 95.540024 0.004857 -0.056025 0.998418 0.698162 0.000000 0.000000 0.000000 1.000000
0.999392 0.034755 -0.002853 -0.325267 -0.034541 0.997831 0.056047 95.536118 0.004794 -0.055914 0.998424 0.674801 0.000000 0.000000 0.000000 1.000000
0.999413 0.034133 -0.002847 -0.460330 -0.033922 0.997877 0.055603 95.539200 0.004739 -0.055474 0.998449 0.649775 0.000000 0.000000 0.000000 1.000000
0.999433 0.033536 -0.002847 -0.599073 -0.033329 0.997934 0.054935 95.548492 0.004684 -0.054809 0.998486 0.621817 0.000000 0.000000 0.000000 1.000000
0.999451 0.033011 -0.002820 -0.741076 -0.032810 0.997993 0.054159 95.561531 0.004602 -0.054036 0.998528 0.589496 0.000000 0.000000 0.000000 1.000000
0.999467 0.032529 -0.002751 -0.886376 -0.032336 0.998052 0.053349 95.575584 0.004481 -0.053232 0.998572 0.551676 0.000000 0.000000 0.000000 1.000000
0.999486 0.031958 -0.002672 -1.035874 -0.031773 0.998115 0.052514 95.590317 0.004345 -0.052403 0.998617 0.507761 0.000000 0.000000 0.000000 1.000000
0.999512 0.031119 -0.002633 -1.190630 -0.030942 0.998188 0.051612 95.609039 0.004234 -0.051505 0.998664 0.458017 0.000000 0.000000 0.000000 1.000000
0.999549 0.029912 -0.002637 -1.351245 -0.029741 0.998276 0.050609 95.637688 0.004146 -0.050508 0.998715 0.403908 0.000000 0.000000 0.000000 1.000000
0.999593 0.028400 -0.002581 -1.517217 -0.028237 0.998373 0.049547 95.680733 0.003984 -0.049454 0.998768 0.348138 0.000000 0.000000 0.000000 1.000000
0.999639 0.026787 -0.002275 -1.686976 -0.026645 0.998466 0.048540 95.737572 0.003572 -0.048462 0.998819 0.293849 0.000000 0.000000 0.000000 1.000000
0.999679 0.025297 -0.001549 -1.858902 -0.025195 0.998544 0.047704 95.801788 0.002754 -0.047650 0.998860 0.243215 0.000000 0.000000 0.000000 1.000000
0.999711 0.024048 -0.000387 -2.032145 -0.024004 0.998603 0.047067 95.863876 0.001519 -0.047044 0.998892 0.196714 0.000000 0.000000 0.000000 1.000000
0.999735 0.023008 0.001045 -2.206891 -0.023032 0.998651 0.046543 95.918068 0.000028 -0.046555 0.998916 0.153434 0.000000 0.000000 0.000000 1.000000
0.999754 0.022042 0.002489 -2.384001 -0.022133 0.998697 0.045983 95.965508 -0.001473 -0.046027 0.998939 0.112078 0.000000 0.000000 0.000000 1.000000
0.999772 0.021012 0.003747 -2.564095 -0.021161 0.998752 0.045239 96.012253 -0.002791 -0.045308 0.998969 0.071735 0.000000 0.000000 0.000000 1.000000
0.999791 0.019860 0.004750 -2.747453 -0.020051 0.998820 0.044237 96.064011 -0.003866 -0.044323 0.999010 0.032194 0.000000 0.000000 0.000000 1.000000
0.999811 0.018629 0.005533 -2.934333 -0.018850 0.998896 0.043020 96.122238 -0.004725 -0.043116 0.999059 -0.006138 0.000000 0.000000 0.000000 1.000000
0.999829 0.017439 0.006130 -3.125293 -0.017680 0.998972 0.041733 96.183441 -0.005396 -0.041834 0.999110 -0.042536 0.000000 0.000000 0.000000 1.000000
0.999844 0.016404 0.006525 -3.320193 -0.016655 0.999038 0.040558 96.241554 -0.005853 -0.040660 0.999156 -0.076332 0.000000 0.000000 0.000000 1.000000
0.999857 0.015568 0.006677 -3.518150 -0.015820 0.999089 0.039639 96.291405 -0.006054 -0.039739 0.999192 -0.107218 0.000000 0.000000 0.000000 1.000000
0.999868 0.014863 0.006594 -3.718699 -0.015109 0.999124 0.039023 96.331329 -0.006008 -0.039118 0.999217 -0.135334 0.000000 0.000000 0.000000 1.000000
0.999880 0.014140 0.006355 -3.922447 -0.014375 0.999149 0.038660 96.364990 -0.005803 -0.038747 0.999232 -0.160947 0.000000 0.000000 0.000000 1.000000
0.999894 0.013256 0.006074 -4.130159 -0.013480 0.999169 0.038456 96.399437 -0.005559 -0.038534 0.999242 -0.183804 0.000000 0.000000 0.000000 1.000000
0.999909 0.012147 0.005819 -4.342175 -0.012362 0.999188 0.038341 96.441101 -0.005348 -0.038409 0.999248 -0.202574 0.000000 0.000000 0.000000 1.000000
0.999926 0.010823 0.005579 -4.558078 -0.011029 0.999206 0.038290 96.492599 -0.005160 -0.038348 0.999251 -0.214977 0.000000 0.000000 0.000000 1.000000
0.999943 0.009306 0.005321 -4.777481 -0.009503 0.999222 0.038289 96.552437 -0.004961 -0.038337 0.999253 -0.218790 0.000000 0.000000 0.000000 1.000000
0.999958 0.007596 0.005073 -5.000078 -0.007785 0.999235 0.038322 96.617294 -0.004778 -0.038360 0.999253 -0.212934 0.000000 0.000000 0.000000 1.000000
0.999972 0.005683 0.004960 -5.225725 -0.005869 0.999246 0.038378 96.684959 -0.004738 -0.038406 0.999251 -0.198209 0.000000 0.000000 0.000000 1.000000
0.999980 0.003570 0.005148 -5.454064 -0.003765 0.999253 0.038458 96.755569 -0.005007 -0.038476 0.999247 -0.177130 0.000000 0.000000 0.000000 1.000000
0.999983 0.001293 0.005720 -5.684605 -0.001512 0.999255 0.038555 96.830635 -0.005666 -0.038563 0.999240 -0.152741 0.000000 0.000000 0.000000 1.000000
0.999978 -0.001092 0.006614 -5.916741 0.000835 0.999253 0.038648 96.911621 -0.006651 -0.038642 0.999231 -0.127146 0.000000 0.000000 0.000000 1.000000
0.999964 -0.003523 0.007657 -6.149855 0.003224 0.999245 0.038720 96.999306 -0.007787 -0.038693 0.999221 -0.100583 0.000000 0.000000 0.000000 1.000000
0.999945 -0.005968 0.008670 -6.383479 0.005627 0.999232 0.038774 97.093773 -0.008894 -0.038723 0.999210 -0.071420 0.000000 0.000000 0.000000 1.000000
0.999919 -0.008432 0.009543 -6.617493 0.008055 0.999213 0.038828 97.193085 -0.009863 -0.038748 0.999200 -0.036893 0.000000 0.000000 0.000000 1.000000
0.999888 -0.010928 0.010253 -6.851727 0.010522 0.999188 0.038891 97.291840 -0.010669 -0.038778 0.999191 0.005701 0.000000 0.000000 0.000000 1.000000
0.999851 -0.013441 0.010829 -7.085757 0.013009 0.999156 0.038967 97.381706 -0.011344 -0.038820 0.999182 0.057562 0.000000 0.000000 0.000000 1.000000
0.999810 -0.015900 0.011301 -7.318818 0.015448 0.999118 0.039050 97.453812 -0.011912 -0.038868 0.999173 0.117296 0.000000 0.000000 0.000000 1.000000
0.999765 -0.018255 0.011662 -7.550171 0.017786 0.999077 0.039098 97.503876 -0.012365 -0.038882 0.999167 0.181211 0.000000 0.000000 0.000000 1.000000
0.999719 -0.020518 0.011895 -7.779687 0.020039 0.999037 0.039034 97.533691 -0.012684 -0.038785 0.999167 0.244601 0.000000 0.000000 0.000000 1.000000
0.999668 -0.022781 0.012045 -8.007713 0.022298 0.998998 0.038797 97.549179 -0.012917 -0.038515 0.999175 0.303312 0.000000 0.000000 0.000000 1.000000
0.999608 -0.025154 0.012264 -8.234800 0.024667 0.998958 0.038395 97.557152 -0.013217 -0.038077 0.999187 0.354720 0.000000 0.000000 0.000000 1.000000
0.999535 -0.027692 0.012776 -8.461095 0.027190 0.998911 0.037905 97.561226 -0.013811 -0.037540 0.999200 0.398167 0.000000 0.000000 0.000000 1.000000
0.999444 -0.030357 0.013765 -8.686069 0.029823 0.998854 0.037435 97.560593 -0.014886 -0.037003 0.999204 0.434909 0.000000 0.000000 0.000000 1.000000
0.999338 -0.033035 0.015271 -8.908658 0.032450 0.998785 0.037079 97.551521 -0.016477 -0.036559 0.999196 0.467329 0.000000 0.000000 0.000000 1.000000
0.999219 -0.035585 0.017175 -9.127627 0.034933 0.998708 0.036898 97.530670 -0.018466 -0.036269 0.999171 0.497665 0.000000 0.000000 0.000000 1.000000
0.999096 -0.037874 0.019304 -9.341827 0.037143 0.998628 0.036916 97.498199 -0.020676 -0.036165 0.999132 0.527119 0.000000 0.000000 0.000000 1.000000
0.998976 -0.039797 0.021539 -9.550230 0.038979 0.998550 0.037126 97.458649 -0.022986 -0.036248 0.999078 0.555665 0.000000 0.000000 0.000000 1.000000
0.998864 -0.041263 0.023842 -9.751749 0.040352 0.998482 0.037488 97.417671 -0.025353 -0.036483 0.999013 0.582080 0.000000 0.000000 0.000000 1.000000
0.998765 -0.042204 0.026202 -9.945668 0.041195 0.998431 0.037917 97.378067 -0.027762 -0.036791 0.998937 0.604486 0.000000 0.000000 0.000000 1.000000
0.998684 -0.042586 0.028574 -10.131810 0.041479 0.998405 0.038296 97.337524 -0.030160 -0.037060 0.998858 0.620810 0.000000 0.000000 0.000000 1.000000
0.998622 -0.042443 0.030850 -10.310173 0.041244 0.998406 0.038516 97.290329 -0.032436 -0.037191 0.998782 0.629369 0.000000 0.000000 0.000000 1.000000
0.998582 -0.041875 0.032876 -10.481197 0.040601 0.998432 0.038526 97.230545 -0.034437 -0.037136 0.998717 0.629460 0.000000 0.000000 0.000000 1.000000
0.998563 -0.041023 0.034489 -10.645645 0.039694 0.998476 0.038349 97.154022 -0.036010 -0.036924 0.998669 0.621062 0.000000 0.000000 0.000000 1.000000
0.998566 -0.040011 0.035581 -10.804079 0.038653 0.998527 0.038072 97.060196 -0.037052 -0.036642 0.998641 0.604728 0.000000 0.000000 0.000000 1.000000
0.998589 -0.038916 0.036145 -10.956854 0.037547 0.998579 0.037807 96.952835 -0.037565 -0.036396 0.998631 0.581621 0.000000 0.000000 0.000000 1.000000
0.998628 -0.037757 0.036291 -11.104161 0.036389 0.998628 0.037647 96.838516 -0.037662 -0.036274 0.998632 0.553848 0.000000 0.000000 0.000000 1.000000
0.998677 -0.036516 0.036206 -11.245656 0.035151 0.998672 0.037661 96.723351 -0.037534 -0.036339 0.998634 0.524604 0.000000 0.000000 0.000000 1.000000
0.998729 -0.035182 0.036092 -11.380081 0.033812 0.998710 0.037890 96.609238 -0.037378 -0.036622 0.998630 0.497427 0.000000 0.000000 0.000000 1.000000
0.998777 -0.033773 0.036108 -11.506371 0.032386 0.998740 0.038331 96.492332 -0.037357 -0.037115 0.998613 0.474669 0.000000 0.000000 0.000000 1.000000
0.998815 -0.032353 0.036347 -11.626668 0.030935 0.998763 0.038934 96.367386 -0.037561 -0.037763 0.998581 0.456140 0.000000 0.000000 0.000000 1.000000
0.998841 -0.031005 0.036822 -11.745338 0.029543 0.998778 0.039622 96.231422 -0.038006 -0.038488 0.998536 0.439310 0.000000 0.000000 0.000000 1.000000
0.998853 -0.029791 0.037494 -11.858365 0.028275 0.998786 0.040337 96.090088 -0.038650 -0.039231 0.998482 0.420990 0.000000 0.000000 0.000000 1.000000
0.998853 -0.028734 0.038292 -11.944802 0.027158 0.998788 0.041057 95.956238 -0.039425 -0.039971 0.998423 0.399333 0.000000 0.000000 0.000000 1.000000
0.998847 -0.027818 0.039133 -11.982078 0.026179 0.998783 0.041788 95.845367 -0.040247 -0.040715 0.998360 0.374744 0.000000 0.000000 0.000000 1.000000
0.998837 -0.027024 0.039919 -11.971334 0.025323 0.998774 0.042532 95.770744 -0.041019 -0.041472 0.998297 0.349312 0.000000 0.000000 0.000000 1.000000
0.998831 -0.026335 0.040538 -11.930628 0.024577 0.998761 0.043276 95.739868 -0.041628 -0.042229 0.998240 0.325381 0.000000 0.000000 0.000000 1.000000
0.998832 -0.025729 0.040889 -11.871284 0.023926 0.998746 0.043979 95.753189 -0.041969 -0.042949 0.998195 0.304409 0.000000 0.000000 0.000000 1.000000
0.998846 -0.025161 0.040918 -11.793177 0.023332 0.998734 0.044574 95.802986 -0.041988 -0.043568 0.998168 0.286617 0.000000 0.000000 0.000000 1.000000
0.998871 -0.024556 0.040659 -11.693824 0.022721 0.998729 0.044981 95.873795 -0.041712 -0.044007 0.998160 0.271301 0.000000 0.000000 0.000000 1.000000
0.998907 -0.023821 0.040213 -11.573478 0.022000 0.998739 0.045117 95.946152 -0.041237 -0.044183 0.998172 0.257203 0.000000 0.000000 0.000000 1.000000
0.998950 -0.022896 0.039679 -11.433855 0.021108 0.998769 0.044898 96.006393 -0.040658 -0.044013 0.998203 0.242664 0.000000 0.000000 0.000000 1.000000
0.998997 -0.021813 0.039093 -11.276832 0.020079 0.998820 0.044225 96.054016 -0.040012 -0.043396 0.998256 0.225491 0.000000 0.000000 0.000000 1.000000
0.999047 -0.020712 0.038425 -11.104398 0.019056 0.998894 0.042982 96.100937 -0.039273 -0.042209 0.998337 0.202963 0.000000 0.000000 0.000000 1.000000
0.999096 -0.019781 0.037634 -10.918987 0.018231 0.998990 0.041076 96.163277 -0.038409 -0.040353 0.998447 0.172377 0.000000 0.000000 0.000000 1.000000
0.999142 -0.019153 0.036720 -10.722776 0.017736 0.999100 0.038535 96.250893 -0.037425 -0.037851 0.998582 0.132413 0.000000 0.000000 0.000000 1.000000
0.999185 -0.018830 0.035709 -10.517029 0.017559 0.999213 0.035568 96.361824 -0.036350 -0.034912 0.998729 0.084496 0.000000 0.000000 0.000000 1.000000
0.999227 -0.018681 0.034585 -10.302089 0.017557 0.999317 0.032517 96.484261 -0.035169 -0.031884 0.998873 0.032809 0.000000 0.000000 0.000000 1.000000
0.999275 -0.018530 0.033248 -10.077901 0.017544 0.999405 0.029706 96.604424 -0.033778 -0.029101 0.999006 -0.017554 0.000000 0.000000 0.000000 1.000000
0.999335 -0.018248 0.031555 -9.844699 0.017389 0.999476 0.027301 96.698219 -0.032036 -0.026734 0.999129 -0.063171 0.000000 0.000000 0.000000 1.000000
0.999408 -0.017803 0.029436 -9.603549 0.017061 0.999535 0.025280 96.775787 -0.029872 -0.024763 0.999247 -0.103377 0.000000 0.000000 0.000000 1.000000
0.999487 -0.017239 0.026975 -9.355756 0.016606 0.999585 0.023518 96.841415 -0.027370 -0.023058 0.999359 -0.139466 0.000000 0.000000 0.000000 1.000000
0.999564 -0.016615 0.024414 -9.103178 0.016082 0.999631 0.021888 96.897682 -0.024768 -0.021485 0.999462 -0.172942 0.000000 0.000000 0.000000 1.000000
0.999629 -0.015992 0.022070 -8.847391 0.015543 0.999672 0.020333 96.946983 -0.022388 -0.019982 0.999550 -0.204574 0.000000 0.000000 0.000000 1.000000
0.999677 -0.015388 0.020237 -8.589781 0.015007 0.999709 0.018876 96.991791 -0.020522 -0.018566 0.999617 -0.234179 0.000000 0.000000 0.000000 1.000000
0.999708 -0.014789 0.019088 -8.331529 0.014455 0.999742 0.017545 97.036194 -0.019343 -0.017264 0.999664 -0.261326 0.000000 0.000000 0.000000 1.000000
0.999726 -0.014175 0.018640 -8.074043 0.013873 0.999771 0.016269 97.086624 -0.018866 -0.016006 0.999694 -0.286448 0.000000 0.000000 0.000000 1.000000
0.999732 -0.013553 0.018763 -7.818797 0.013275 0.999801 0.014860 97.150238 -0.018960 -0.014607 0.999714 -0.310963 0.000000 0.000000 0.000000 1.000000
0.999732 -0.012918 0.019222 -7.566644 0.012667 0.999834 0.013134 97.230911 -0.019388 -0.012886 0.999729 -0.335852 0.000000 0.000000 0.000000 1.000000
0.999730 -0.012199 0.019763 -7.316893 0.011982 0.999867 0.011065 97.326401 -0.019895 -0.010825 0.999743 -0.359866 0.000000 0.000000 0.000000 1.000000
0.999732 -0.011278 0.020231 -7.067924 0.011101 0.999899 0.008847 97.427513 -0.020329 -0.008620 0.999756 -0.379068 0.000000 0.000000 0.000000 1.000000
0.999736 -0.010115 0.020651 -6.818491 0.009977 0.999927 0.006772 97.521690 -0.020718 -0.006565 0.999764 -0.388328 0.000000 0.000000 0.000000 1.000000
0.999736 -0.008831 0.021189 -6.568611 0.008726 0.999949 0.005056 97.596184 -0.021232 -0.004870 0.999763 -0.383575 0.000000 0.000000 0.000000 1.000000
0.999729 -0.007640 0.021978 -6.319080 0.007560 0.999965 0.003708 97.643463 -0.022005 -0.003541 0.999752 -0.363426 0.000000 0.000000 0.000000 1.000000
0.999714 -0.006667 0.022955 -6.070094 0.006610 0.999975 0.002558 97.664330 -0.022971 -0.002406 0.999733 -0.329516 0.000000 0.000000 0.000000 1.000000
0.999699 -0.005833 0.023848 -5.820364 0.005801 0.999982 0.001412 97.667732 -0.023856 -0.001273 0.999715 -0.285344 0.000000 0.000000 0.000000 1.000000
0.999692 -0.004897 0.024350 -5.567523 0.004893 0.999988 0.000227 97.666031 -0.024350 -0.000108 0.999703 -0.234319 0.000000 0.000000 0.000000 1.000000
0.999698 -0.003623 0.024295 -5.309243 0.003644 0.999993 -0.000830 97.670311 -0.024292 0.000918 0.999704 -0.178763 0.000000 0.000000 0.000000 1.000000
0.999717 -0.001948 0.023721 -5.044373 0.001984 0.999997 -0.001504 97.688835 -0.023718 0.001551 0.999717 -0.120502 0.000000 0.000000 0.000000 1.000000
0.999740 -0.000009 0.022800 -4.773087 0.000046 0.999999 -0.001623 97.725876 -0.022800 0.001623 0.999739 -0.061856 0.000000 0.000000 0.000000 1.000000
0.999762 0.001952 0.021723 -4.496272 -0.001927 0.999997 -0.001191 97.779472 -0.021725 0.001149 0.999763 -0.005811 0.000000 0.000000 0.000000 1.000000
0.999781 0.003744 0.020601 -4.214482 -0.003737 0.999993 -0.000367 97.841003 -0.020602 0.000290 0.999788 0.044632 0.000000 0.000000 0.000000 1.000000
0.999797 0.005338 0.019421 -3.927137 -0.005351 0.999985 0.000640 97.898949 -0.019417 -0.000744 0.999811 0.087278 0.000000 0.000000 0.000000 1.000000
0.999813 0.006858 0.018092 -3.632564 -0.006890 0.999975 0.001669 97.945183 -0.018081 -0.001794 0.999835 0.120916 0.000000 0.000000 0.000000 1.000000
0.999828 0.008465 0.016524 -3.328925 -0.008509 0.999960 0.002613 97.978943 -0.016501 -0.002753 0.999860 0.144810 0.000000 0.000000 0.000000 1.000000
0.999840 0.010241 0.014663 -3.014916 -0.010292 0.999941 0.003396 98.005341 -0.014627 -0.003546 0.999887 0.158381 0.000000 0.000000 0.000000 1.000000
0.999848 0.012193 0.012464 -2.689938 -0.012243 0.999917 0.003993 98.029312 -0.012414 -0.004145 0.999914 0.161493 0.000000 0.000000 0.000000 1.000000
0.999849 0.014287 0.009856 -2.353569 -0.014331 0.999887 0.004474 98.051369 -0.009791 -0.004615 0.999941 0.154284 0.000000 0.000000 0.000000 1.000000
0.999842 0.016457 0.006769 -2.005159 -0.016491 0.999852 0.004982 98.067757 -0.006686 -0.005093 0.999965 0.136506 0.000000 0.000000 0.000000 1.000000
0.999822 0.018574 0.003199 -1.644330 -0.018592 0.999811 0.005668 98.073021 -0.003093 -0.005726 0.999979 0.107157 0.000000 0.000000 0.000000 1.000000
0.999789 0.020528 -0.000767 -1.271390 -0.020522 0.999767 0.006638 98.063751 0.000903 -0.006620 0.999978 0.065008 0.000000 0.000000 0.000000 1.000000
0.999739 0.022279 -0.004973 -0.886719 -0.022239 0.999721 0.007933 98.039284 0.005148 -0.007820 0.999956 0.010506 0.000000 0.000000 0.000000 1.000000
0.999672 0.023876 -0.009245 -0.491865 -0.023788 0.999672 0.009528 98.000633 0.009470 -0.009305 0.999912 -0.054208 0.000000 0.000000 0.000000 1.000000
0.999587 0.025412 -0.013434 -0.088833 -0.025260 0.999617 0.011342 97.949455 0.013717 -0.010998 0.999845 -0.126136 0.000000 0.000000 0.000000 1.000000
0.999485 0.026955 -0.017438 0.320188 -0.026726 0.999555 0.013252 97.887253 0.017788 -0.012779 0.999760 -0.203138 0.000000 0.000000 0.000000 1.000000
0.999368 0.028524 -0.021224 0.732947 -0.028206 0.999488 0.015102 97.815742 0.021643 -0.014494 0.999661 -0.285139 0.000000 0.000000 0.000000 1.000000
0.999238 0.030119 -0.024838 1.147105 -0.029708 0.999418 0.016746 97.737343 0.025328 -0.015995 0.999551 -0.373641 0.000000 0.000000 0.000000 1.000000
0.999091 0.031778 -0.028399 1.560434 -0.031272 0.999347 0.018113 97.655029 0.028956 -0.017208 0.999433 -0.469795 0.000000 0.000000 0.000000 1.000000
0.998923 0.033582 -0.032018 1.970997 -0.032977 0.999271 0.019238 97.571442 0.032641 -0.018161 0.999302 -0.572837 0.000000 0.000000 0.000000 1.000000
0.998728 0.035604 -0.035711 2.376758 -0.034897 0.999186 0.020236 97.487076 0.036402 -0.018964 0.999157 -0.680290 0.000000 0.000000 0.000000 1.000000
0.998507 0.037863 -0.039362 2.775529 -0.037048 0.999088 0.021249 97.399345 0.040131 -0.019759 0.998999 -0.789208 0.000000 0.000000 0.000000 1.000000
0.998269 0.040330 -0.042815 3.164522 -0.039398 0.998973 0.022385 97.303246 0.043674 -0.020660 0.998832 -0.897333 0.000000 0.000000 0.000000 1.000000
0.998017 0.042955 -0.046007 3.540955 -0.041897 0.998841 0.023705 97.192345 0.046972 -0.021731 0.998660 -1.003371 0.000000 0.000000 0.000000 1.000000
0.997751 0.045675 -0.049055 3.901870 -0.044478 0.998692 0.025225 97.061798 0.050143 -0.022986 0.998477 -1.106129 0.000000 0.000000 0.000000 1.000000
0.997463 0.048393 -0.052205 4.244220 -0.047035 0.998530 0.026927 96.911934 0.053431 -0.024403 0.998273 -1.204346 0.000000 0.000000 0.000000 1.000000
0.997147 0.050972 -0.055682 4.564757 -0.049428 0.998363 0.028764 96.751648 0.057057 -0.025930 0.998034 -1.297119 0.000000 0.000000 0.000000 1.000000
0.996803 0.053273 -0.059539 4.860147 -0.051516 0.998201 0.030662 96.592636 0.061065 -0.027497 0.997755 -1.383881 0.000000 0.000000 0.000000 1.000000
0.996448 0.055201 -0.063587 5.127256 -0.053214 0.998053 0.032538 96.435745 0.065259 -0.029039 0.997446 -1.463590 0.000000 0.000000 0.000000 1.000000
0.996107 0.056739 -0.067465 5.363646 -0.054518 0.997923 0.034315 96.312851 0.069272 -0.030503 0.997131 -1.534205 0.000000 0.000000 0.000000 1.000000
0.995809 0.057897 -0.070797 5.566912 -0.055460 0.997815 0.035917 96.219444 0.072722 -0.031840 0.996844 -1.592885 0.000000 0.000000 0.000000 1.000000
0.995580 0.058682 -0.073329 5.734867 -0.056065 0.997732 0.037260 96.143272 0.075349 -0.032984 0.996612 -1.637022 0.000000 0.000000 0.000000 1.000000
0.995432 0.059076 -0.074997 5.865085 -0.056328 0.997679 0.038249 96.074173 0.077083 -0.033850 0.996450 -1.665571 0.000000 0.000000 0.000000 1.000000
0.995364 0.059053 -0.075913 5.954467 -0.056230 0.997664 0.038797 96.010391 0.078027 -0.034349 0.996359 -1.679812 0.000000 0.000000 0.000000 1.000000
0.995362 0.058611 -0.076283 5.999590 -0.055770 0.997687 0.038861 95.957855 0.078384 -0.034427 0.996329 -1.682992 0.000000 0.000000 0.000000 1.000000
0.995409 0.057794 -0.076298 5.997872 -0.054981 0.997746 0.038475 95.925949 0.078349 -0.034104 0.996342 -1.678955 0.000000 0.000000 0.000000 1.000000
0.995492 0.056668 -0.076052 5.949111 -0.053917 0.997832 0.037749 95.922447 0.078026 -0.033479 0.996389 -1.670768 0.000000 0.000000 0.000000 1.000000
0.995610 0.055284 -0.075526 5.855298 -0.052619 0.997935 0.036836 95.951126 0.077407 -0.032701 0.996463 -1.660029 0.000000 0.000000 0.000000 1.000000
0.995766 0.053646 -0.074646 5.719355 -0.051080 0.998050 0.035873 96.010941 0.076425 -0.031908 0.996565 -1.646902 0.000000 0.000000 0.000000 1.000000
0.995964 0.051720 -0.073357 5.543857 -0.049261 0.998175 0.034934 96.097153 0.075030 -0.031180 0.996694 -1.630680 0.000000 0.000000 0.000000 1.000000
0.996201 0.049477 -0.071665 5.331018 -0.047134 0.998309 0.034025 96.203461 0.073227 -0.030518 0.996848 -1.610411 0.000000 0.000000 0.000000 1.000000
0.996467 0.046962 -0.069628 5.083483 -0.044742 0.998450 0.033103 96.322830 0.071075 -0.029871 0.997024 -1.585455 0.000000 0.000000 0.000000 1.000000
0.996746 0.044305 -0.067346 4.804516 -0.042217 0.998592 0.032112 96.447296 0.068674 -0.029164 0.997213 -1.555911 0.000000 0.000000 0.000000 1.000000
0.997016 0.041682 -0.064982 4.497910 -0.039733 0.998729 0.031004 96.567986 0.066192 -0.028330 0.997405 -1.522483 0.000000 0.000000 0.000000 1.000000
0.997257 0.039238 -0.062759 4.167120 -0.037426 0.998856 0.029779 96.676788 0.063856 -0.027349 0.997584 -1.485834 0.000000 0.000000 0.000000 1.000000
0.997457 0.037021 -0.060906 3.815006 -0.035337 0.998969 0.028491 96.768219 0.061898 -0.026267 0.997737 -1.445717 0.000000 0.000000 0.000000 1.000000
0.997610 0.034989 -0.059579 3.443644 -0.033414 0.999071 0.027227 96.841026 0.060476 -0.025171 0.997852 -1.400823 0.000000 0.000000 0.000000 1.000000
0.997722 0.033073 -0.058804 3.055068 -0.031585 0.999162 0.026048 96.898575 0.059616 -0.024131 0.997930 -1.349666 0.000000 0.000000 0.000000 1.000000
0.997802 0.031205 -0.058462 2.651356 -0.029787 0.999244 0.024973 96.949821 0.059197 -0.023176 0.997977 -1.291791 0.000000 0.000000 0.000000 1.000000
0.997868 0.029326 -0.058311 2.234793 -0.027966 0.999321 0.024003 97.005852 0.058975 -0.022321 0.998010 -1.228244 0.000000 0.000000 0.000000 1.000000
0.997938 0.027360 -0.058066 1.807492 -0.026052 0.999392 0.023168 97.074654 0.058664 -0.021607 0.998044 -1.161234 0.000000 0.000000 0.000000 1.000000
0.998026 0.025224 -0.057508 1.371498 -0.023962 0.999459 0.022527 97.156189 0.058045 -0.021104 0.998091 -1.093418 0.000000 0.000000 0.000000 1.000000
0.998137 0.022884 -0.056558 0.929118 -0.021661 0.999520 0.022135 97.241173 0.057037 -0.020869 0.998154 -1.027121 0.000000 0.000000 0.000000 1.000000
0.998262 0.020387 -0.055289 0.483077 -0.019194 0.999573 0.022019 97.315269 0.055714 -0.020920 0.998228 -0.963491 0.000000 0.000000 0.000000 1.000000
0.998388 0.017840 -0.053872 0.036548 -0.016666 0.999616 0.022149 97.367134 0.054247 -0.021216 0.998302 -0.902181 0.000000 0.000000 0.000000 1.000000
0.998504 0.015338 -0.052483 -0.407289 -0.014177 0.999648 0.022421 97.394058 0.052808 -0.021643 0.998370 -0.841695 0.000000 0.000000 0.000000 1.000000
0.998605 0.012895 -0.051212 -0.845766 -0.011746 0.999674 0.022673 97.401283 0.051488 -0.022040 0.998430 -0.780166 0.000000 0.000000 0.000000 1.000000
0.998692 0.010452 -0.050045 -1.276903 -0.009322 0.999698 0.022760 97.398911 0.050267 -0.022264 0.998488 -0.715860 0.000000 0.000000 0.000000 1.000000
0.998773 0.007942 -0.048888 -1.698839 -0.006842 0.999721 0.022625 97.397835 0.049054 -0.022263 0.998548 -0.647532 0.000000 0.000000 0.000000 1.000000
0.998851 0.005358 -0.047626 -2.109117 -0.004299 0.999742 0.022319 97.405128 0.047733 -0.022089 0.998616 -0.575026 0.000000 0.000000 0.000000 1.000000
0.998930 0.002747 -0.046166 -2.504135 -0.001735 0.999758 0.021936 97.421310 0.046215 -0.021833 0.998693 -0.499920 0.000000 0.000000 0.000000 1.000000
0.999011 0.000152 -0.044461 -2.880480 0.000807 0.999768 0.021538 97.441879 0.044454 -0.021553 0.998779 -0.425655 0.000000 0.000000 0.000000 1.000000
0.999093 -0.002445 -0.042518 -3.237527 0.003345 0.999771 0.021120 97.462624 0.042456 -0.021243 0.998872 -0.356719 0.000000 0.000000 0.000000 1.000000
0.999171 -0.005100 -0.040382 -3.578640 0.005937 0.999770 0.020629 97.483917 0.040268 -0.020852 0.998971 -0.297346 0.000000 0.000000 0.000000 1.000000
0.999242 -0.007843 -0.038140 -3.909055 0.008612 0.999762 0.020035 97.511192 0.037974 -0.020348 0.999072 -0.250147 0.000000 0.000000 0.000000 1.000000
0.999299 -0.010586 -0.035914 -4.231974 0.011288 0.999748 0.019385 97.551079 0.035699 -0.019777 0.999167 -0.215461 0.000000 0.000000 0.000000 1.000000
0.999341 -0.013122 -0.033851 -4.546998 0.013765 0.999728 0.018821 97.605522 0.033595 -0.019275 0.999250 -0.191647 0.000000 0.000000 0.000000 1.000000
0.999369 -0.015220 -0.032093 -4.851951 0.015819 0.999704 0.018497 97.668015 0.031802 -0.018993 0.999314 -0.175947 0.000000 0.000000 0.000000 1.000000
0.999387 -0.016770 -0.030720 -5.145557 0.017342 0.999679 0.018466 97.725906 0.030400 -0.018988 0.999357 -0.165593 0.000000 0.000000 0.000000 1.000000
0.999399 -0.017868 -0.029717 -5.428583 0.018427 0.999656 0.018647 97.767334 0.029373 -0.019183 0.999384 -0.158621 0.000000 0.000000 0.000000 1.000000
0.999403 -0.018765 -0.028993 -5.702995 0.019318 0.999634 0.018914 97.788101 0.028627 -0.019462 0.999401 -0.154147 0.000000 0.000000 0.000000 1.000000
0.999401 -0.019717 -0.028426 -5.970604 0.020268 0.999610 0.019207 97.792633 0.028037 -0.019772 0.999411 -0.152446 0.000000 0.000000 0.000000 1.000000
0.999393 -0.020847 -0.027909 -6.232236 0.021397 0.999580 0.019552 97.787674 0.027489 -0.020138 0.999419 -0.155050 0.000000 0.000000 0.000000 1.000000
0.999382 -0.022094 -0.027353 -6.487441 0.022645 0.999544 0.019993 97.779388 0.026899 -0.020600 0.999426 -0.164661 0.000000 0.000000 0.000000 1.000000
0.999373 -0.023266 -0.026680 -6.734970 0.023818 0.999506 0.020530 97.770248 0.026189 -0.021152 0.999433 -0.184640 0.000000 0.000000 0.000000 1.000000
0.999375 -0.024143 -0.025817 -6.973269 0.024690 0.999472 0.021102 97.758102 0.025294 -0.021726 0.999444 -0.217792 0.000000 0.000000 0.000000 1.000000
0.999393 -0.024579 -0.024703 -7.201406 0.025115 0.999451 0.021627 97.737457 0.024158 -0.022234 0.999461 -0.265025 0.000000 0.000000 0.000000 1.000000
0.999427 -0.024564 -0.023304 -7.419235 0.025079 0.999442 0.022061 97.702599 0.022749 -0.022632 0.999485 -0.324729 0.000000 0.000000 0.000000 1.000000
0.999474 -0.024211 -0.021599 -7.627547 0.024695 0.999443 0.022431 97.650970 0.021044 -0.022952 0.999515 -0.393521 0.000000 0.000000 0.000000 1.000000
0.999527 -0.023704 -0.019575 -7.827618 0.024149 0.999448 0.022827 97.584984 0.019023 -0.023289 0.999548 -0.467748 0.000000 0.000000 0.000000 1.000000
0.999582 -0.023210 -0.017235 -8.020653 0.023610 0.999449 0.023344 97.511208 0.016684 -0.023741 0.999579 -0.544569 0.000000 0.000000 0.000000 1.000000
0.999633 -0.022817 -0.014612 -8.207282 0.023164 0.999443 0.024021 97.437004 0.014056 -0.024351 0.999605 -0.622183 0.000000 0.000000 0.000000 1.000000
0.999678 -0.022490 -0.011763 -8.387353 0.022776 0.999433 0.024809 97.367607 0.011198 -0.025069 0.999623 -0.699385 0.000000 0.000000 0.000000 1.000000
0.999718 -0.022104 -0.008708 -8.560064 0.022321 0.999423 0.025603 97.307182 0.008137 -0.025790 0.999634 -0.774981 0.000000 0.000000 0.000000 1.000000
0.999754 -0.021535 -0.005376 -8.724514 0.021669 0.999419 0.026317 97.260147 0.004807 -0.026427 0.999639 -0.847280 0.000000 0.000000 0.000000 1.000000
0.999784 -0.020730 -0.001612 -8.880423 0.020766 0.999421 0.026942 97.228142 0.001053 -0.026969 0.999636 -0.914219 0.000000 0.000000 0.000000 1.000000
0.999801 -0.019740 0.002749 -9.028069 0.019657 0.999427 0.027543 97.205338 -0.003291 -0.027484 0.999617 -0.973786 0.000000 0.000000 0.000000 1.000000
0.999795 -0.018681 0.007781 -9.168267 0.018455 0.999431 0.028220 97.177925 -0.008304 -0.028070 0.999571 -1.024657 0.000000 0.000000 0.000000 1.000000
0.999754 -0.017692 0.013397 -9.301901 0.017297 0.999428 0.029054 97.130783 -0.013904 -0.028815 0.999488 -1.066663 0.000000 0.000000 0.000000 1.000000
0.999670 -0.016889 0.019350 -9.429761 0.016303 0.999414 0.030084 97.056831 -0.019847 -0.029759 0.999360 -1.100851 0.000000 0.000000 0.000000 1.000000
0.999546 -0.016347 0.025308 -9.552448 0.015553 0.999390 0.031277 96.962196 -0.025804 -0.030869 0.999190 -1.129299 0.000000 0.000000 0.000000 1.000000
0.999390 -0.016083 0.030987 -9.670209 0.015075 0.999357 0.032521 96.862297 -0.031490 -0.032034 0.998991 -1.154705 0.000000 0.000000 0.000000 1.000000
0.999213 -0.016067 0.036258 -9.782905 0.014848 0.999323 0.033658 96.771515 -0.036775 -0.033093 0.998775 -1.180096 0.000000 0.000000 0.000000 1.000000
0.999021 -0.016237 0.041151 -9.890157 0.014819 0.999293 0.034546 96.697533 -0.041683 -0.033903 0.998556 -1.208325 0.000000 0.000000 0.000000 1.000000
0.998816 -0.016533 0.045761 -9.991635 0.014932 0.999271 0.035123 96.639229 -0.046308 -0.034398 0.998335 -1.241208 0.000000 0.000000 0.000000 1.000000
0.998598 -0.016931 0.050145 -10.087061 0.015163 0.999257 0.035423 96.590729 -0.050708 -0.034613 0.998114 -1.278756 0.000000 0.000000 0.000000 1.000000
0.998373 -0.017437 0.054283 -10.176612 0.015520 0.999248 0.035544 96.547173 -0.054862 -0.034644 0.997893 -1.319259 0.000000 0.000000 0.000000 1.000000
0.998148 -0.018043 0.058095 -10.260287 0.015992 0.999239 0.035579 96.506973 -0.058692 -0.034584 0.997677 -1.360037 0.000000 0.000000 0.000000 1.000000
0.997933 -0.018661 0.061499 -10.337591 0.016493 0.999231 0.035575 96.470757 -0.062115 -0.034487 0.997473 -1.398361 0.000000 0.000000 0.000000 1.000000
0.997736 -0.019124 0.064481 -10.407335 0.016857 0.999227 0.035516 96.439636 -0.065110 -0.034348 0.997287 -1.432278 0.000000 0.000000 0.000000 1.000000
0.997558 -0.019268 0.067130 -10.468226 0.016921 0.999232 0.035350 96.415009 -0.067760 -0.034128 0.997118 -1.460572 0.000000 0.000000 0.000000 1.000000
0.997392 -0.019040 0.069622 -10.519895 0.016630 0.999248 0.035037 96.398636 -0.070237 -0.033788 0.996958 -1.481931 0.000000 0.000000 0.000000 1.000000
0.997223 -0.018542 0.072124 -10.563465 0.016080 0.999273 0.034576 96.393173 -0.072713 -0.033320 0.996796 -1.494167 0.000000 0.000000 0.000000 1.000000
0.997044 -0.017964 0.074702 -10.600576 0.015458 0.999302 0.034001 96.401184 -0.075261 -0.032745 0.996626 -1.494465 0.000000 0.000000 0.000000 1.000000
0.996855 -0.017473 0.077301 -10.631373 0.014930 0.999332 0.033355 96.423882 -0.077832 -0.032096 0.996450 -1.480359 0.000000 0.000000 0.000000 1.000000
